005300000
800000020
070010500
400005300
010070006
003200080
060500009
004000030
000009700

000012000
300000060
000040080
000600700
104000000
000500000
090000204
850000000
000000100

007032091
800700000
240010507
030001000
000378000
051006408
980250000
020000070
370100082

349780061
060009000
800362497
038057610
615843000
490620850
900104506
506238149
004006700

500070009
720000006
891653072
203007500
650200701
000008200
005100938
012005640
068749000

702000189
308090000
500020307
000005823
039280000
005700406
800560930
001374260
603800570
